
115	81.14258274
120	83.07566785
125	84.69653521
130	85.56651991
135	85.35954513
140	83.95194032
145	81.85390049
150	80.43440397
155	79.55370705
160	79.1688778
165	79.24965436
170	79.55786305
175	79.86680844
180	80.32839047
185	81.06381654
190	81.89712537
195	82.80292317
200	83.90367712
205	85.01620927
210	85.89918024
215	86.51544367
220	86.88148537
225	87.28528796
230	87.48305142
235	87.73143936
240	87.97910906
245	88.15199234
250	88.38086822
255	88.58906415
260	88.79455307
265	89.04927148
270	89.13763604
275	89.33271005
280	89.39173707
285	89.37605299
290	89.33354079
295	89.21884012
300	89.33383466
305	89.4627708
310	89.60192222
315	89.75754843
320	89.90991431
325	89.98616446
330	90.11781892
335	90.13761397
340	90.25857409
345	90.23471834
350	90.05177759
355	89.77652972
360	89.52060105
365	89.26281276
370	89.20838467
375	89.23710674
380	89.41355978
385	89.53690264
390	89.57282658
395	89.5919957
400	89.54716321
405	89.4528226
410	89.41761517
415	89.4385743
420	89.46439012
425	89.49272013
430	89.588072
435	89.72116629
440	89.84042201
445	89.93065869
450	90.01019932
455	90.07263968
460	90.08700922
465	90.07649404
470	90.10428537
475	90.1400774
480	90.18228519
485	90.21738248
490	90.28117007
495	90.27676687
500	90.2042524
505	90.11607702
510	90.01524391
515	89.89567761
520	89.77644448
525	89.68453783
530	89.64760631
535	89.5997816
540	89.5733319
545	89.57373306
550	89.60629884
555	89.62787222
560	89.63489332
565	89.60283633
570	89.58459152
575	89.61147113
580	89.63668638
585	89.67904684
590	89.7323234
595	89.79398666
600	89.83692921
605	89.80240191
610	89.8235762
615	89.82141937
620	89.81883886
625	89.73360733
630	89.66458303
635	89.54144884
640	89.37322736
645	89.18199067
650	89.05848878