114	9.344124742
116	13.16808023
118	17.28997814
120	20.64891998
122	22.17688586
124	21.10136649
126	18.94236019
128	16.29542771
130	13.80547558
132	11.5544277
134	9.852712126
136	8.519070566
138	7.424558274
140	6.589709858
142	5.92784687
144	5.397980272
146	4.97043215
148	4.627111776
150	4.346764808
152	4.115140433
154	3.920487384
156	3.754792094
158	3.608026376
160	3.479723875
162	3.36314092
164	3.258514746
166	3.163460924
168	3.077086999
170	2.997117751
172	2.920556583
174	2.842285101
176	2.760983444
178	2.674725197
180	2.584620187
182	2.491132468
184	2.396825958
186	2.30329928
188	2.210258031
190	2.117940284
192	2.027535354
194	1.93771287
196	1.854497674
198	1.771699861
200	1.692884213
202	1.615846249
204	1.540605484
206	1.469497179
208	1.401483835
210	1.33459868
212	1.273427817
214	1.212195379
216	1.154636975
218	1.098335512
220	1.04616857
222	0.99645994
224	0.949531743
226	0.904065097
228	0.861770356
230	0.821773856
232	0.785114195
234	0.748858056
236	0.717544442
238	0.685504655
240	0.656267941
242	0.628032038
244	0.601313081
246	0.576828132
248	0.554590138
250	0.532613425
252	0.513724119
254	0.493480349
256	0.476485648
258	0.458331757
260	0.441227267
262	0.425248174
264	0.410988007
266	0.397861895
268	0.388123711
270	0.376811443
272	0.370346212
274	0.362117034
276	0.35292399
278	0.342179268
280	0.33165254
282	0.320857087
284	0.312633248
286	0.303185987
288	0.297628011
290	0.290534024
292	0.282027314
294	0.274273889
296	0.267414178
298	0.262510219
	
	
	
	
	
	
	
	
	
	
	
	
	
	
	
	
	
	
	
	
	
	
	
	
	
	
	
	
	
	
	
	
	
	
	
	
	
	
	
	
	
	
	
	
	
	
	
	
	
	
	
	
	
	
	
	
	
	
	
	
	
	
	
	
	
	
	
	
	
	
	
	
	
	
	
	
	
	
	
	
	
	
	
	
	
	
	
	
	
	
	
	
	
	
	
	
	
	
	
	
	
	
	
	
	
	
	
	
	
	
	
	
	
	
	
	
	
	
	
	
	
	
	
	
	
	
	
	
	
	
	
	
	
	
	
	
	
	
	
	
	
	
	
	
	
	
	
	
	
	
	
	
	
	
	
	
	
	
	
	
	
	
	
	
	
	
	
	
	
	
	
	
	
	
	
	
	
	
	
	
	
	
	
	
	
	
	
	
	
	
	
	
	
	
	
	
	
	
	
	
	
	
	
	
	
	
	
	
	
	
	
	
	
	
	
	
	
	
	
	
	
	
	
	
	
	
	
	
	
	
	
	
	
	
	
	
	
	
	
	
	
	
	
	
	
	
	
	
	
	
	
	
	
	
	
	
	
	
	
	
	
	
	
	
	
	
	
	
	
	
	
	
	
	
	
	
	
	
	
	
	
	
	
	
	
	
	
	
	
	
	
	
	
	
	
	
	
	
	
	
	
	
	
	
	
	
	
	
	
	
	
	
	
	
	
	
	
	
	
	
	
	
	
	
	
	
	
	
	
	
	
	
	
	
	
	
	
	
	
	
	
	
	
	
	
	
	
	
	
	
	
	
	
	
	
	
	
	
	
	
	
	
	
	
	
	
	
	
	
	
	
	
	
	
	
	
	
	
	
	
	
	
	
	
	
	
	
	
	
	
	
	
	
	
	
	
	
	